##FastQC	0.11.5
>>Basic Statistics	pass
#Measure	Value
Filename	02-D15-18331-AR-Nextera-Myeloid-Val1-Repeat_S2_L001_R1_001.fastq.gz
File type	Conventional base calls
Encoding	Sanger / Illumina 1.9
Total Sequences	793461
Sequences flagged as poor quality	0
Sequence length	151
%GC	44
>>END_MODULE
>>Per base sequence quality	pass
#Base	Mean	Median	Lower Quartile	Upper Quartile	10th Percentile	90th Percentile
1	32.43872981784864	33.0	32.0	34.0	32.0	34.0
2	32.72915997131554	33.0	32.0	34.0	32.0	34.0
3	32.92003261659993	33.0	32.0	34.0	32.0	34.0
4	33.04247719799713	33.0	33.0	34.0	32.0	35.0
5	32.902929066456956	33.0	32.0	34.0	32.0	35.0
6	35.787663161768506	37.0	35.0	37.0	33.0	37.0
7	35.71155230061717	37.0	35.0	37.0	33.0	37.0
8	35.50381808305638	37.0	35.0	37.0	33.0	37.0
9	35.56900969297798	37.0	35.0	37.0	33.0	37.0
10-14	36.18902277490639	37.4	36.0	37.4	34.6	37.4
15-19	37.18523632541486	38.0	38.0	38.0	36.8	38.0
20-24	37.43002491615845	38.4	38.0	38.4	37.0	38.4
25-29	37.839028005157154	39.0	38.0	39.0	37.0	39.0
30-34	37.76140654676159	39.0	38.0	39.0	37.0	39.0
35-39	37.75806573984103	39.0	38.0	39.0	36.8	39.0
40-44	37.7745116647195	39.0	38.0	39.0	37.0	39.0
45-49	37.76839290147846	39.0	38.0	39.0	37.0	39.0
50-54	37.763175253730175	39.0	38.0	39.0	37.0	39.0
55-59	37.69500882841122	39.0	38.0	39.0	36.2	39.0
60-64	37.7446173157849	39.0	38.0	39.0	36.6	39.0
65-69	37.73463396436624	39.0	38.0	39.0	37.0	39.0
70-74	37.659175435213584	39.0	38.0	39.0	36.0	39.0
75-79	37.58916367660162	39.0	38.0	39.0	36.0	39.0
80-84	37.57049004298888	39.0	38.0	39.0	36.0	39.0
85-89	37.579416253602886	39.0	38.0	39.0	36.2	39.0
90-94	37.55184690866974	39.0	38.0	39.0	36.0	39.0
95-99	37.452451223185506	39.0	38.0	39.0	36.0	39.0
100-104	37.40533031869241	39.0	38.0	39.0	36.0	39.0
105-109	37.29847238868703	39.0	38.0	39.0	35.6	39.0
110-114	37.25903276909641	39.0	38.0	39.0	35.2	39.0
115-119	37.14433173149027	39.0	38.0	39.0	34.6	39.0
120-124	37.055356469946226	39.0	38.0	39.0	34.2	39.0
125-129	36.94584762200033	39.0	38.0	39.0	34.0	39.0
130-134	36.697941549742204	39.0	37.6	39.0	33.2	39.0
135-139	36.52960712624817	39.0	37.0	39.0	33.0	39.0
140-144	36.30133680168275	38.8	37.0	39.0	31.4	39.0
145-149	35.988680981169836	38.2	37.0	39.0	29.6	39.0
150-151	34.96102013835589	38.0	35.5	39.0	21.5	39.0
>>END_MODULE
>>Per tile sequence quality	pass
#Tile	Base	Mean
1101	1	0.2842200841137057
1101	2	0.16740222747012723
1101	3	0.1283942447751869
1101	4	0.0624983564365067
1101	5	0.060084154239184784
1101	6	-0.02007545016189738
1101	7	0.1754163078453317
1101	8	0.257618631611642
1101	9	0.10240820632922976
1101	10-14	0.15115256845771086
1101	15-19	0.15556111382068138
1101	20-24	0.026944998576546197
1101	25-29	0.09200916344347831
1101	30-34	0.08479288361824189
1101	35-39	0.1343934195733283
1101	40-44	0.06827317710494185
1101	45-49	0.04714406014245753
1101	50-54	0.09204497659766275
1101	55-59	0.04428343110912181
1101	60-64	0.0561021723773365
1101	65-69	0.039521125043116
1101	70-74	0.09099864822365333
1101	75-79	0.10312863736998423
1101	80-84	0.14144556961346666
1101	85-89	0.18109177208788196
1101	90-94	0.05584826370561302
1101	95-99	0.10391397410477055
1101	100-104	0.035510593581591365
1101	105-109	0.10993673007826743
1101	110-114	0.10197979768073395
1101	115-119	0.11171964464520556
1101	120-124	0.1624974842653515
1101	125-129	0.19909254743514282
1101	130-134	0.16069855178500347
1101	135-139	0.08863091468913353
1101	140-144	0.2207672657316877
1101	145-149	0.27221702252722935
1101	150-151	0.3881695608870004
1102	1	-0.003941560862514848
1102	2	0.01270497000040649
1102	3	0.11417794626728295
1102	4	0.04846816963504352
1102	5	0.09041925384774885
1102	6	0.0026149047929067137
1102	7	0.008291690599882884
1102	8	-0.12035084163434107
1102	9	-0.2607549782871814
1102	10-14	0.047389835633325106
1102	15-19	0.024467846112969482
1102	20-24	-0.0984757912465497
1102	25-29	0.016083026757918617
1102	30-34	0.03251300905580479
1102	35-39	0.12638839911459598
1102	40-44	0.1450739279566733
1102	45-49	0.05133693148519569
1102	50-54	0.07331179254784814
1102	55-59	-0.06536232847544454
1102	60-64	-0.21125683969097508
1102	65-69	0.16418219480975438
1102	70-74	0.05440546550408243
1102	75-79	0.07931412336665034
1102	80-84	0.012131436209187996
1102	85-89	-0.1886111882091086
1102	90-94	-0.1240063696259952
1102	95-99	0.030607344290920935
1102	100-104	-0.21140684967958379
1102	105-109	-0.011689203867469189
1102	110-114	0.19990384538247952
1102	115-119	0.07603349475569132
1102	120-124	0.18156916744928253
1102	125-129	0.15291967417093133
1102	130-134	0.11068820540291568
1102	135-139	0.16292234763842117
1102	140-144	0.023793015905972936
1102	145-149	0.09547899045837482
1102	150-151	0.17416160648991053
1103	1	0.2548199146203771
1103	2	-0.21692755988996026
1103	3	-0.12595536669348917
1103	4	-0.040822228521243176
1103	5	0.09264495638285553
1103	6	0.03890735293836656
1103	7	0.04255324884631051
1103	8	0.0805614672137196
1103	9	-0.08411339533901696
1103	10-14	0.02104378218080427
1103	15-19	0.021833801013208642
1103	20-24	-0.25811201366401093
1103	25-29	1.325830180292087E-4
1103	30-34	0.047380905715982635
1103	35-39	0.15605199716392093
1103	40-44	0.01768097941013025
1103	45-49	0.07016232588529192
1103	50-54	0.09558091410838898
1103	55-59	0.021913605160932548
1103	60-64	-0.1548738609675766
1103	65-69	0.14952298959438082
1103	70-74	-0.1328051486013706
1103	75-79	-0.20212621685516297
1103	80-84	0.004756950298087759
1103	85-89	-0.3401342919691217
1103	90-94	-0.357276929998811
1103	95-99	0.04056417992253358
1103	100-104	-0.22169219289360598
1103	105-109	-0.09904968364133282
1103	110-114	0.010777573688876885
1103	115-119	0.011739213079536626
1103	120-124	-0.08004688613056032
1103	125-129	-0.20718384391608424
1103	130-134	-0.5354590882293877
1103	135-139	-0.08550794636312276
1103	140-144	0.23975071737153542
1103	145-149	0.4471972888400302
1103	150-151	0.5496537312209213
1104	1	-0.3819464557924448
1104	2	-0.16246948619417623
1104	3	-0.044924245303825217
1104	4	0.0023324641433575266
1104	5	0.10430539718299059
1104	6	0.05483583061837294
1104	7	0.018690444077236634
1104	8	0.022284221026211526
1104	9	0.10688423366873678
1104	10-14	0.15039139874100727
1104	15-19	0.06331860277104084
1104	20-24	0.04175708950393897
1104	25-29	-0.007082030973023734
1104	30-34	0.059442753434439055
1104	35-39	0.054997109414500756
1104	40-44	0.05624744777296087
1104	45-49	-0.2242165349723919
1104	50-54	-0.02778334893693568
1104	55-59	0.20269485996201553
1104	60-64	-0.05777291790086991
1104	65-69	-0.073010429105544
1104	70-74	-0.23397328713102894
1104	75-79	0.05043819844535591
1104	80-84	0.06917780675241403
1104	85-89	-0.004100941307456196
1104	90-94	-0.1375215040259974
1104	95-99	0.11976675898016964
1104	100-104	0.10366646279580038
1104	105-109	0.1162370897837448
1104	110-114	0.08418723110840887
1104	115-119	0.07985926893989159
1104	120-124	0.046220936287703296
1104	125-129	-0.10544471075485973
1104	130-134	-0.285234461640286
1104	135-139	0.016464285247884902
1104	140-144	0.21725028311812622
1104	145-149	0.1887794762355881
1104	150-151	0.5156609388868603
1105	1	0.3558277275822448
1105	2	0.11282112472587613
1105	3	0.17231246450172932
1105	4	0.056725602922895746
1105	5	0.06464150884731623
1105	6	0.18003663863265018
1105	7	0.2674924969226353
1105	8	0.11807301863582609
1105	9	0.08263157726428005
1105	10-14	0.007363040151673772
1105	15-19	0.030685504089547067
1105	20-24	-0.008887802505576303
1105	25-29	0.0313286724921511
1105	30-34	-0.04407486906162461
1105	35-39	0.11635767035123479
1105	40-44	0.04672590627444606
1105	45-49	0.0769584514527466
1105	50-54	0.0776864622136344
1105	55-59	0.15434427329206102
1105	60-64	0.021140003850447897
1105	65-69	0.02145065357790088
1105	70-74	-0.2939500539963902
1105	75-79	0.10803150478434986
1105	80-84	0.06179686143381247
1105	85-89	0.14534741400090923
1105	90-94	0.07638781895028046
1105	95-99	0.12150671373670008
1105	100-104	0.06383855022454554
1105	105-109	0.15681221580139493
1105	110-114	0.08885243001563481
1105	115-119	-1.4817097848637673
1105	120-124	-0.36556580557086704
1105	125-129	0.0592602472009105
1105	130-134	-0.434547607127044
1105	135-139	0.049499163401044655
1105	140-144	0.2247363889408689
1105	145-149	-0.5401813706660477
1105	150-151	-0.19049263346486356
1106	1	0.17044131367329385
1106	2	0.12095997658655477
1106	3	0.019260440518358735
1106	4	0.05101927737246115
1106	5	-0.01843743611228632
1106	6	-0.2185403868207345
1106	7	-0.06422436545304322
1106	8	-0.45721278562606216
1106	9	-0.07124741352342312
1106	10-14	-0.022762799196584638
1106	15-19	-0.06665395663013385
1106	20-24	-0.03382493132678377
1106	25-29	-9.333381368108462E-4
1106	30-34	0.0749566547286733
1106	35-39	0.1673106826090418
1106	40-44	0.007557164916477177
1106	45-49	0.1283676593844021
1106	50-54	0.15486917386701293
1106	55-59	0.0482410739938004
1106	60-64	0.003643103005842363
1106	65-69	0.029020145886242688
1106	70-74	-0.012584182713936798
1106	75-79	-0.037765349444114804
1106	80-84	0.016304521576046227
1106	85-89	0.10132317360464782
1106	90-94	0.12422110166660616
1106	95-99	0.1794939509753064
1106	100-104	0.16230766142011532
1106	105-109	0.28837234123459865
1106	110-114	0.06867264566229636
1106	115-119	0.1567982317192147
1106	120-124	-0.06398894318306247
1106	125-129	-0.01238444198335742
1106	130-134	0.24681860362279906
1106	135-139	0.03336112626210053
1106	140-144	0.13666918894669777
1106	145-149	0.031117995317984537
1106	150-151	0.13463152976318327
1107	1	0.2586396171188312
1107	2	0.1530047832604211
1107	3	0.1246831735166154
1107	4	0.08439331679693396
1107	5	0.00976277210758525
1107	6	-0.006147170814735148
1107	7	0.0809448198425784
1107	8	-0.20315287273806604
1107	9	0.062277267445004725
1107	10-14	-0.009069260466702644
1107	15-19	-0.10586436481989381
1107	20-24	-0.09300803452808282
1107	25-29	0.004186758126806467
1107	30-34	-0.07123982757855885
1107	35-39	0.10371517449236478
1107	40-44	0.06367411322626282
1107	45-49	0.20945791547261194
1107	50-54	0.16382770465752117
1107	55-59	-0.13802001593838042
1107	60-64	0.051484121064213184
1107	65-69	0.10481715978988149
1107	70-74	0.15649881589397552
1107	75-79	0.07194754933477299
1107	80-84	-0.18722281592410184
1107	85-89	0.0752845216724225
1107	90-94	0.09014043447346154
1107	95-99	-0.36789403052711833
1107	100-104	0.09159745857373736
1107	105-109	-0.0185396207240629
1107	110-114	-0.08429564782184684
1107	115-119	-0.11070943632695673
1107	120-124	0.09095067087774567
1107	125-129	0.08715734859637791
1107	130-134	0.28750818511148424
1107	135-139	0.21940570523324965
1107	140-144	-0.09829724665731021
1107	145-149	-0.3101683993478801
1107	150-151	-0.17700012700614565
1108	1	0.33799242248834105
1108	2	0.2338347681083519
1108	3	0.1128023980415378
1108	4	0.13026405446836975
1108	5	0.1321049498376965
1108	6	0.038306666002085876
1108	7	0.05581546215134381
1108	8	-0.32392533388366473
1108	9	0.01966475421490088
1108	10-14	-0.04883812961852385
1108	15-19	0.12473184021690287
1108	20-24	0.08571005576977342
1108	25-29	0.14936634015577965
1108	30-34	0.05311348992378129
1108	35-39	-0.0033610179236021054
1108	40-44	-0.1434461343870126
1108	45-49	-0.008369110778019717
1108	50-54	-0.061127174673387685
1108	55-59	-0.047219711248772
1108	60-64	-0.05504421871885512
1108	65-69	-0.1837761702391134
1108	70-74	0.03848801047973893
1108	75-79	-0.10835874142246382
1108	80-84	-0.19175404955204556
1108	85-89	-0.00939422975948645
1108	90-94	0.08006010614334258
1108	95-99	-0.1492897161317117
1108	100-104	-0.0014079370694801696
1108	105-109	0.01680802328827724
1108	110-114	0.027291693196218603
1108	115-119	0.10104056279006102
1108	120-124	-0.08004113617414532
1108	125-129	-0.2727590383594247
1108	130-134	-0.14925996234510563
1108	135-139	-0.38004175641270166
1108	140-144	-0.32289817744402427
1108	145-149	-0.264108043021146
1108	150-151	-0.25775117275785675
1109	1	-0.055642203244900657
1109	2	-0.09655758987482699
1109	3	0.03893194723271165
1109	4	-0.11288491788491939
1109	5	0.04216259794934274
1109	6	-0.041397571535483735
1109	7	0.07821111431233163
1109	8	0.33814494389163485
1109	9	0.19995201365519222
1109	10-14	0.06464058755489788
1109	15-19	0.13853527769739316
1109	20-24	-0.02063575559989772
1109	25-29	0.04845390047223219
1109	30-34	0.1716671436961903
1109	35-39	0.11445531085199434
1109	40-44	0.010349632535039177
1109	45-49	0.013158995277855468
1109	50-54	0.07270468549649678
1109	55-59	0.008346408667627259
1109	60-64	0.0847770988928005
1109	65-69	0.06913522291862506
1109	70-74	0.13011895553416508
1109	75-79	-0.042794970242951536
1109	80-84	0.013848787959965136
1109	85-89	-0.16340417770076954
1109	90-94	0.17086905274970832
1109	95-99	0.16410183019936397
1109	100-104	0.09660622075968917
1109	105-109	-0.01677070845325801
1109	110-114	0.11157923805263437
1109	115-119	0.20967279519013715
1109	120-124	0.23300802972695323
1109	125-129	-0.042174083951678654
1109	130-134	0.08549159183490218
1109	135-139	-0.3461723759143567
1109	140-144	-0.11514389694538352
1109	145-149	-0.016743355536945614
1109	150-151	0.04006985349150938
1110	1	0.16109800729813628
1110	2	0.10568428014291698
1110	3	-0.047781246087517104
1110	4	0.060981829634890516
1110	5	-0.05451682835428073
1110	6	-0.03012288921796369
1110	7	0.1258975051759279
1110	8	0.3562650721738123
1110	9	-0.05990494124932866
1110	10-14	0.05192693582620933
1110	15-19	-0.06304482376608433
1110	20-24	-0.16084702053652933
1110	25-29	0.11256582432589113
1110	30-34	0.19509759104148117
1110	35-39	0.13331741112072137
1110	40-44	0.014797060845552323
1110	45-49	0.10144254436997358
1110	50-54	0.007261861122877633
1110	55-59	0.19712507498777398
1110	60-64	0.1694281038721286
1110	65-69	0.12771296556378786
1110	70-74	0.06673723664682996
1110	75-79	0.09064931959392197
1110	80-84	0.18360898980405693
1110	85-89	-0.04259514091800298
1110	90-94	0.0991692778029929
1110	95-99	0.11127989300853613
1110	100-104	-0.09258458002935299
1110	105-109	0.1566095485803345
1110	110-114	-0.10116819874023264
1110	115-119	0.0036094590233375357
1110	120-124	-0.1324914279433571
1110	125-129	-0.02218494859304343
1110	130-134	0.08411152971514468
1110	135-139	0.08846475047823787
1110	140-144	0.09554149588720406
1110	145-149	0.3375435756710985
1110	150-151	-0.0692410719702039
1111	1	0.1187143694407169
1111	2	-0.0779217779275001
1111	3	-0.09334222981488693
1111	4	0.047321407856884434
1111	5	-0.05284412604856925
1111	6	-0.10029800572044678
1111	7	0.19840426018406276
1111	8	0.18481479231716946
1111	9	0.02497684507857656
1111	10-14	-0.13138068852107665
1111	15-19	0.12912964097917978
1111	20-24	0.16632808972847357
1111	25-29	-0.062102639204127286
1111	30-34	-0.037568179547278646
1111	35-39	-0.033812841112144554
1111	40-44	-0.07670200312139741
1111	45-49	-0.12108594176324772
1111	50-54	-0.14344015484059014
1111	55-59	0.04732636299090842
1111	60-64	0.043692202535325464
1111	65-69	-0.041408971056647204
1111	70-74	0.06787071518385801
1111	75-79	-0.17910428487183339
1111	80-84	-0.10790723310162065
1111	85-89	-0.37812773707602787
1111	90-94	-0.12776213551806137
1111	95-99	-0.05781626989734434
1111	100-104	-0.4215334632213512
1111	105-109	-0.06308086320947837
1111	110-114	0.054203378784102085
1111	115-119	-0.1704583004252953
1111	120-124	0.16181866561993274
1111	125-129	-0.031179974972260993
1111	130-134	0.00670638022112513
1111	135-139	0.03924232226244584
1111	140-144	0.12103732507644338
1111	145-149	0.3670122758485448
1111	150-151	0.03435019504795633
1112	1	0.04106686383899927
1112	2	0.07933084083452968
1112	3	-0.1278719356903366
1112	4	-0.002659871344249609
1112	5	-0.014982210939898266
1112	6	-0.06431874525127057
1112	7	0.13841542991210076
1112	8	0.23681329279396124
1112	9	0.12899778448385035
1112	10-14	0.019638241216320296
1112	15-19	-0.22017645767838445
1112	20-24	-0.15246731343803788
1112	25-29	-0.03681598786581475
1112	30-34	0.17506832482521162
1112	35-39	0.04214500490132167
1112	40-44	-0.0754225742231256
1112	45-49	-0.052591779607880085
1112	50-54	0.004920258769374186
1112	55-59	0.16239134194250227
1112	60-64	0.23266868498204474
1112	65-69	-0.040922788075299366
1112	70-74	-0.07809843303257935
1112	75-79	0.06887299730510676
1112	80-84	-0.02483562296649211
1112	85-89	0.0678046202966982
1112	90-94	0.03195107718251933
1112	95-99	-0.03389246017875536
1112	100-104	-0.1491363805516528
1112	105-109	0.22463555027125892
1112	110-114	0.06101798198334052
1112	115-119	0.17592486679920682
1112	120-124	0.0015777611276206471
1112	125-129	-0.2898769887782464
1112	130-134	-0.019209829155258262
1112	135-139	0.06408978435660373
1112	140-144	-0.04993818542266837
1112	145-149	-0.15222094533043418
1112	150-151	-0.5214620145385354
1113	1	0.3330608901864025
1113	2	-0.06660836351931465
1113	3	0.107652378006037
1113	4	-0.12836755416995516
1113	5	-0.03779064167978419
1113	6	-0.012719062271706605
1113	7	0.24591389356164228
1113	8	0.12614686108977224
1113	9	-0.04001239434108328
1113	10-14	0.023261076348696008
1113	15-19	-0.1090310961149683
1113	20-24	0.08490003936081081
1113	25-29	0.08598470521386048
1113	30-34	-0.051785739324920144
1113	35-39	0.0665185004183968
1113	40-44	-0.021216507360804826
1113	45-49	-0.009130818116389605
1113	50-54	-0.11507349743081363
1113	55-59	0.02153443856307291
1113	60-64	0.018056493828744635
1113	65-69	-0.0935820385151871
1113	70-74	0.16173857516754708
1113	75-79	0.17112510369301503
1113	80-84	0.0688340764455333
1113	85-89	0.21858585562086574
1113	90-94	0.22656342935071905
1113	95-99	0.1113594342062072
1113	100-104	-0.013481108074188342
1113	105-109	-0.005213122563475281
1113	110-114	0.013250319320285087
1113	115-119	0.19969357248096742
1113	120-124	0.048955678292607274
1113	125-129	-0.09898403595292393
1113	130-134	0.08969259492398152
1113	135-139	0.13116858951874377
1113	140-144	0.09517604122726908
1113	145-149	-0.11098189993407459
1113	150-151	0.18412493395190666
1114	1	0.18131540989431016
1114	2	0.10335395474732678
1114	3	0.12147208514113572
1114	4	0.07215416982934642
1114	5	0.1261675432538638
1114	6	0.1424311460664498
1114	7	-0.04475962027713365
1114	8	0.05539203493919587
1114	9	0.08629641586418302
1114	10-14	-0.01497765406147522
1114	15-19	0.013619002932443891
1114	20-24	0.13915324929417494
1114	25-29	0.007109105507694835
1114	30-34	-0.1080810146218667
1114	35-39	-0.056126069803262624
1114	40-44	-0.03601280227607617
1114	45-49	0.1181222640968187
1114	50-54	-0.12459704979993802
1114	55-59	0.05326766972027741
1114	60-64	-0.10086211928459932
1114	65-69	-0.14336259984957422
1114	70-74	-0.010517991491660439
1114	75-79	-0.01599114651163802
1114	80-84	-0.003601169861504161
1114	85-89	0.0155393440527547
1114	90-94	0.04088780255759872
1114	95-99	0.0721568023137138
1114	100-104	0.04720829792420034
1114	105-109	0.03762156211772805
1114	110-114	-0.10018095566122298
1114	115-119	0.194291395409401
1114	120-124	0.10307671071724656
1114	125-129	-0.1318504192351284
1114	130-134	0.06711698501735697
1114	135-139	0.17845565043783296
1114	140-144	0.26454428930954066
1114	145-149	0.14203268159382532
1114	150-151	0.424027326604822
2101	1	-0.3008304583951542
2101	2	-0.08334894108131152
2101	3	-0.0024640857059594623
2101	4	0.058734353980341325
2101	5	0.11180216774300789
2101	6	0.02352198013617368
2101	7	-0.02727302733288184
2101	8	0.11324504566842108
2101	9	0.1701719344671062
2101	10-14	0.06624834173364746
2101	15-19	-0.07179273708098322
2101	20-24	0.06192238319301424
2101	25-29	-0.033213069291456065
2101	30-34	-0.03513282184647437
2101	35-39	-0.16498673540380082
2101	40-44	0.12009512675864897
2101	45-49	-0.00556104198712859
2101	50-54	-0.002147514828294561
2101	55-59	0.008227594638377411
2101	60-64	0.08783180630847198
2101	65-69	-0.043842880715025956
2101	70-74	-0.031031281679140932
2101	75-79	0.030633376027836334
2101	80-84	0.025788002651552233
2101	85-89	-0.035164405629721784
2101	90-94	0.01973901136899059
2101	95-99	0.024235256695135377
2101	100-104	-0.043987657956840565
2101	105-109	0.0408842140017569
2101	110-114	-0.14659828746334824
2101	115-119	-0.044458161862607426
2101	120-124	-0.21106661509121238
2101	125-129	-0.15601221738455706
2101	130-134	-0.02787766647075074
2101	135-139	-0.09898061760073773
2101	140-144	-0.019167685275192525
2101	145-149	-0.1420920287696461
2101	150-151	0.0030033221018186396
2102	1	-0.5360481739563205
2102	2	0.006595414536207045
2102	3	-0.021183631753366683
2102	4	-0.033807539261623276
2102	5	-0.0858706187615752
2102	6	-0.19834614887561486
2102	7	0.0031588314587551736
2102	8	0.02138802687169772
2102	9	-0.028497239051525014
2102	10-14	-0.1005147467595151
2102	15-19	0.055536459191266374
2102	20-24	0.08022959163650256
2102	25-29	0.034031124171583826
2102	30-34	0.27461858792451466
2102	35-39	-0.01217927669721064
2102	40-44	0.12239197544312219
2102	45-49	0.04393743877260192
2102	50-54	0.1785990356398699
2102	55-59	0.13032839168133847
2102	60-64	0.10396682441339067
2102	65-69	0.09730033175667785
2102	70-74	0.20698314227254144
2102	75-79	0.2955645919998915
2102	80-84	0.23303428886055855
2102	85-89	0.2177096077305265
2102	90-94	0.2478460826509874
2102	95-99	0.26974898917421797
2102	100-104	0.29406223603957926
2102	105-109	0.3433754481287181
2102	110-114	0.26133415283174344
2102	115-119	0.38523835664786077
2102	120-124	0.3180760721945646
2102	125-129	0.25357069301192325
2102	130-134	0.4177153770816915
2102	135-139	0.17098198622846894
2102	140-144	0.4542023621981528
2102	145-149	0.2425799799532271
2102	150-151	0.4807019813447937
2103	1	0.24400837473349668
2103	2	-0.07299967174268573
2103	3	0.004308616534366649
2103	4	0.047524612362046526
2103	5	0.0037826941072225395
2103	6	-0.03474251408134421
2103	7	0.10663115395168177
2103	8	0.17293019255409092
2103	9	0.1533207856372769
2103	10-14	-0.018790774885474093
2103	15-19	-0.056555323804929
2103	20-24	-0.2759643459589114
2103	25-29	-0.18213011165634896
2103	30-34	0.02387232125221317
2103	35-39	-0.2469134305795322
2103	40-44	-0.1980621584533111
2103	45-49	-0.14525741648258617
2103	50-54	-0.004494591982776797
2103	55-59	-0.38388320933582776
2103	60-64	-0.14845518846575345
2103	65-69	-0.07438213934608484
2103	70-74	0.07659613235697549
2103	75-79	-0.010962891391955054
2103	80-84	-0.2664468650773344
2103	85-89	-0.3428944416194213
2103	90-94	-0.4735193823360788
2103	95-99	-0.44391257438933707
2103	100-104	-0.28482026122885173
2103	105-109	-0.3372004784457374
2103	110-114	-0.029425111583236685
2103	115-119	0.10469404692292983
2103	120-124	0.011803039293099005
2103	125-129	0.20529346562614847
2103	130-134	0.16225873165335258
2103	135-139	0.0654865576419894
2103	140-144	0.14092432245345776
2103	145-149	0.0365498038109493
2103	150-151	0.4668432179864084
2104	1	0.28821785170707415
2104	2	0.10536470114445962
2104	3	-0.07262210386902979
2104	4	0.015288378745225373
2104	5	-0.09382593358893132
2104	6	-0.01379846906727522
2104	7	-0.08503339113274677
2104	8	0.03474321616864273
2104	9	0.05608142067249133
2104	10-14	-0.04530394641996338
2104	15-19	-0.0024911779002252388
2104	20-24	-0.14505095915095723
2104	25-29	-0.03278807070497436
2104	30-34	0.018746310009440492
2104	35-39	-0.08593050958510418
2104	40-44	0.06764184698653253
2104	45-49	0.07013334673916205
2104	50-54	-0.0075400024364356
2104	55-59	-0.4547753158682539
2104	60-64	-0.23057341914136487
2104	65-69	0.0021088495690548825
2104	70-74	0.18199349128249764
2104	75-79	0.15960888307793653
2104	80-84	-0.03330877102087726
2104	85-89	-0.16887367267207765
2104	90-94	-0.07659089630791271
2104	95-99	-0.06862369008378266
2104	100-104	-0.014474878382621625
2104	105-109	-0.00101267706020991
2104	110-114	0.14901037459210187
2104	115-119	-0.08384022441831007
2104	120-124	0.14001358404021857
2104	125-129	0.28672376654708387
2104	130-134	0.30855584554956295
2104	135-139	0.1803897329255122
2104	140-144	0.10625449973179713
2104	145-149	0.08814770435761687
2104	150-151	0.46762404081656683
2105	1	0.24258254956006908
2105	2	-0.04245849652787115
2105	3	0.025986914795012694
2105	4	-0.07382697571941321
2105	5	-0.09818133428579046
2105	6	0.04266801996736547
2105	7	-0.3011632174660974
2105	8	0.094993542097356
2105	9	-0.026892528273442906
2105	10-14	-0.08405882478569282
2105	15-19	0.12691562127908185
2105	20-24	0.1655129344980253
2105	25-29	0.028555833213147253
2105	30-34	-0.1335658293295765
2105	35-39	-0.47830293252963685
2105	40-44	-0.06532840422685382
2105	45-49	0.010635139611203215
2105	50-54	0.07319111324343908
2105	55-59	0.13641499480466734
2105	60-64	-0.01785807904505532
2105	65-69	-0.0016594568483085936
2105	70-74	-0.06731630052459536
2105	75-79	0.0025323738219924508
2105	80-84	-0.1564995761334771
2105	85-89	-0.06359109195057755
2105	90-94	-0.2964563833626812
2105	95-99	-0.22999981709984496
2105	100-104	-0.12856640888468718
2105	105-109	0.04260915688835354
2105	110-114	0.12201766652069068
2105	115-119	-0.6241008194785636
2105	120-124	-0.1991299788413059
2105	125-129	0.3685373670186962
2105	130-134	0.24074101531774517
2105	135-139	0.2900927944367595
2105	140-144	0.025284616178673502
2105	145-149	-0.24283485713567643
2105	150-151	-0.005118387811911873
2106	1	-0.7757752524401376
2106	2	-0.21915385059708115
2106	3	-0.027809842275132723
2106	4	-0.030095841870313222
2106	5	0.004584440809729529
2106	6	0.12508460978651925
2106	7	-0.1696331923217329
2106	8	0.05719139484843083
2106	9	0.035556663094709506
2106	10-14	-0.11458559607700636
2106	15-19	0.04985843622958441
2106	20-24	0.17549988967719798
2106	25-29	0.11995528411231504
2106	30-34	-0.1771416226794429
2106	35-39	-0.04828892142578667
2106	40-44	-0.10942998157885597
2106	45-49	-0.16539463450963154
2106	50-54	-0.07911326170799526
2106	55-59	0.0557126120767677
2106	60-64	0.058742537275463746
2106	65-69	0.10246625657314468
2106	70-74	-0.12425148183919532
2106	75-79	-0.04692514228447209
2106	80-84	0.07551212009234831
2106	85-89	0.12270985059549844
2106	90-94	0.10369339050608772
2106	95-99	0.22543710037329134
2106	100-104	0.2110996142935022
2106	105-109	0.31755879463725734
2106	110-114	0.012841863928109376
2106	115-119	-0.062264377584732244
2106	120-124	-0.0855136856290244
2106	125-129	0.24217327997760663
2106	130-134	0.15977857641939863
2106	135-139	-0.05484272717752248
2106	140-144	0.004827459277422008
2106	145-149	0.19006088302662505
2106	150-151	0.17323198851331512
2107	1	-0.0846315319378732
2107	2	0.08215653409268242
2107	3	-0.009825388815940528
2107	4	-0.03967324201098421
2107	5	-0.07309195059079343
2107	6	-0.05241551240129638
2107	7	-0.32208587376001674
2107	8	-0.10410980981723839
2107	9	-0.03251948435517704
2107	10-14	-0.01456870228266638
2107	15-19	-0.011290936787524686
2107	20-24	-0.09426638095926165
2107	25-29	-0.13763672331671017
2107	30-34	-0.2744012154858737
2107	35-39	0.056084021303192344
2107	40-44	-0.06298245965410842
2107	45-49	0.021528081162493606
2107	50-54	0.008045860834698715
2107	55-59	0.21740630527271065
2107	60-64	0.27154123337204084
2107	65-69	0.07712375879908961
2107	70-74	0.01517449040397878
2107	75-79	-0.2808219562636083
2107	80-84	-0.4577838485595649
2107	85-89	0.2472059586477826
2107	90-94	-0.0742172827594274
2107	95-99	-0.49520743506861464
2107	100-104	0.14465929613766093
2107	105-109	-0.11097524901460787
2107	110-114	-0.11399068775733667
2107	115-119	0.15188656581149473
2107	120-124	0.01575696145643235
2107	125-129	0.08821875084696273
2107	130-134	0.11851638685614319
2107	135-139	-0.03326690804099286
2107	140-144	-0.8432907420328561
2107	145-149	-0.4530108550366876
2107	150-151	-0.47992592915122145
2108	1	0.04204600350161769
2108	2	0.06309920829214377
2108	3	0.008775961269812171
2108	4	0.05220704173513724
2108	5	0.03031146470132029
2108	6	0.02637044637200603
2108	7	-0.13756011466378482
2108	8	0.012957180680260194
2108	9	-0.0947898614729965
2108	10-14	0.02936951523162179
2108	15-19	0.04458683346769021
2108	20-24	-0.15654146694848237
2108	25-29	-0.07471531856619151
2108	30-34	-0.1904375909942999
2108	35-39	0.029591649151662125
2108	40-44	-0.10607151069095977
2108	45-49	0.08357013033776894
2108	50-54	-0.035847779363564314
2108	55-59	0.0251425624315047
2108	60-64	0.09054791264453854
2108	65-69	-0.0033653464420879686
2108	70-74	-0.007956793977328402
2108	75-79	0.024493627066142665
2108	80-84	0.0014182279480792204
2108	85-89	-0.005338192253759644
2108	90-94	0.09683932519982363
2108	95-99	0.12074402379206362
2108	100-104	0.25886758312349656
2108	105-109	-0.3913343894049035
2108	110-114	0.06995671728827091
2108	115-119	0.14184521145636353
2108	120-124	0.06400986552206689
2108	125-129	-0.20437419442653493
2108	130-134	-0.23970143088541818
2108	135-139	-0.21094936895998728
2108	140-144	-0.47000097796824747
2108	145-149	0.006450575644016965
2108	150-151	-0.4641348596828081
2109	1	-0.00637833130303278
2109	2	-0.01116622909269438
2109	3	-0.11302702315580859
2109	4	0.04984445202741483
2109	5	-6.78431835012816E-5
2109	6	0.106250202811772
2109	7	-0.25038873374957404
2109	8	-0.0846133840808534
2109	9	-0.1371309393584923
2109	10-14	-0.00475327305802864
2109	15-19	0.05317716365273384
2109	20-24	-0.005112767846668476
2109	25-29	-0.04606103304379161
2109	30-34	-0.21920518465709193
2109	35-39	-0.08936057458592472
2109	40-44	0.08200189291468263
2109	45-49	0.027321523497413125
2109	50-54	-0.08639421152906834
2109	55-59	-0.01933041229654009
2109	60-64	0.01823233693021109
2109	65-69	-0.05432947171552627
2109	70-74	-0.022035016837392618
2109	75-79	-0.04174104360463815
2109	80-84	0.19020615749530378
2109	85-89	-0.04447928205542695
2109	90-94	0.2247020739204686
2109	95-99	0.09387371431397895
2109	100-104	0.20675992366567897
2109	105-109	-0.5794853526416972
2109	110-114	-0.2604525639445754
2109	115-119	0.08441920342288256
2109	120-124	-0.03864357280248498
2109	125-129	-0.354106537916401
2109	130-134	-0.8037438660383245
2109	135-139	-0.6238366281442396
2109	140-144	-0.5694532522711597
2109	145-149	-0.15004202522465704
2109	150-151	-0.21864137999661182
2110	1	0.12529693088231397
2110	2	-0.0419557661432961
2110	3	-0.03415672546189796
2110	4	-0.07881353540330593
2110	5	-0.1475740359812221
2110	6	0.023132902968534097
2110	7	0.06622058149852705
2110	8	-0.02243730980261205
2110	9	-0.274143874539412
2110	10-14	-0.06342429886637291
2110	15-19	-0.043393319356937354
2110	20-24	0.09020655154390766
2110	25-29	-0.12463414551051244
2110	30-34	-0.20132413285833195
2110	35-39	-0.23664783632872854
2110	40-44	-0.08112333859720877
2110	45-49	-0.19175772558660498
2110	50-54	-0.13162382151597285
2110	55-59	-0.06862907986387512
2110	60-64	-0.08188009035563226
2110	65-69	-0.1585980561849425
2110	70-74	-0.05791115477352804
2110	75-79	0.03525787435745542
2110	80-84	0.1764998303160894
2110	85-89	0.10753436168966601
2110	90-94	0.21604781591465638
2110	95-99	0.03382370442596283
2110	100-104	0.15777007585622727
2110	105-109	0.08652360886886612
2110	110-114	-0.10431870255938236
2110	115-119	0.1095568023346587
2110	120-124	-0.08859640381185585
2110	125-129	-0.34623370599326364
2110	130-134	-0.7381914403250107
2110	135-139	-0.04959643538292369
2110	140-144	0.12260932822260173
2110	145-149	0.3654504813273931
2110	150-151	0.29766416243615623
2111	1	-0.247340656818956
2111	2	-0.01693171845879249
2111	3	-0.05665047797094047
2111	4	-0.06683511618594906
2111	5	-0.0440999628531884
2111	6	-0.02716385865416271
2111	7	-0.025586071006756583
2111	8	-0.22239495033517898
2111	9	-0.3299451123536059
2111	10-14	-0.06697968254380271
2111	15-19	-0.0036335084122569583
2111	20-24	0.19238143301630828
2111	25-29	0.11259868580874866
2111	30-34	0.11947029415295418
2111	35-39	0.07780298856022938
2111	40-44	0.08413815817205261
2111	45-49	0.02802931795996244
2111	50-54	0.11491989659756285
2111	55-59	0.027383838580099962
2111	60-64	0.13618658058146593
2111	65-69	-0.03477830911366908
2111	70-74	-0.0735005262871411
2111	75-79	0.028234584475065105
2111	80-84	0.18878763013962185
2111	85-89	0.0763147710858334
2111	90-94	0.15218270946626689
2111	95-99	0.08451560004129988
2111	100-104	0.11719511703868335
2111	105-109	0.002942517742560824
2111	110-114	-0.04744686037214052
2111	115-119	0.2084920465918927
2111	120-124	0.004363847915314523
2111	125-129	0.14532717141798912
2111	130-134	-0.07810712190860158
2111	135-139	0.04704760464398561
2111	140-144	0.29935896719234734
2111	145-149	0.4116334941199895
2111	150-151	0.1354303861851136
2112	1	-0.0909473137617951
2112	2	-0.04768373118365332
2112	3	-0.02822457405049761
2112	4	-0.11487916546373356
2112	5	-0.12340901145526573
2112	6	0.03918538541872607
2112	7	-0.058793507098961584
2112	8	-0.35057791374343594
2112	9	0.021257318915509416
2112	10-14	0.01950745046301705
2112	15-19	-0.15767868540621777
2112	20-24	0.044979296568868676
2112	25-29	0.07524992171423861
2112	30-34	0.16895047290994825
2112	35-39	0.02908526089281338
2112	40-44	0.04618219812986979
2112	45-49	0.11973555565954541
2112	50-54	0.011669324584495655
2112	55-59	0.003044818512648817
2112	60-64	0.06451097451167698
2112	65-69	0.145271288652026
2112	70-74	0.0644304251729082
2112	75-79	-0.08433059705461687
2112	80-84	0.14955724207166554
2112	85-89	0.15109447033044177
2112	90-94	0.010634911231164779
2112	95-99	-0.008083490640437674
2112	100-104	-0.04181837982903858
2112	105-109	-0.04239811933941695
2112	110-114	-0.0030146095531407013
2112	115-119	0.22979570825218332
2112	120-124	0.1153703423800323
2112	125-129	0.3070529344515762
2112	130-134	0.37289865802519984
2112	135-139	0.07764459522616107
2112	140-144	-0.02353569075703632
2112	145-149	-0.23140379041399228
2112	150-151	-0.5879537254432492
2113	1	-0.5792826475315849
2113	2	3.1916641825091574E-4
2113	3	-0.13985499038376048
2113	4	-0.08152491847651078
2113	5	-0.0752121321361443
2113	6	0.02146182148962339
2113	7	0.10020027336223336
2113	8	-0.2385155849929177
2113	9	0.0475948834750497
2113	10-14	0.08608318819972993
2113	15-19	-0.05291885901985438
2113	20-24	0.09324376639258958
2113	25-29	-0.04169074412799745
2113	30-34	0.11692700112216414
2113	35-39	0.02237349347688422
2113	40-44	-0.05918079015848576
2113	45-49	-0.06032312380990845
2113	50-54	-0.148306791416573
2113	55-59	-0.32349551756067285
2113	60-64	-0.20960549938565975
2113	65-69	-0.04992887623243547
2113	70-74	-0.07105883308950212
2113	75-79	-0.052827359984718214
2113	80-84	0.02864934701577937
2113	85-89	0.06082083487059009
2113	90-94	-0.16119864033161235
2113	95-99	-0.02758835230722667
2113	100-104	-0.21246076240947787
2113	105-109	-0.13212315025525356
2113	110-114	-0.16595773653842372
2113	115-119	0.044162176087581884
2113	120-124	-0.18818861593814518
2113	125-129	-0.2461898942868146
2113	130-134	0.03746426021719884
2113	135-139	-0.009422886163712008
2113	140-144	-0.29419231886983255
2113	145-149	-0.47656121870137724
2113	150-151	-1.2214290594555166
2114	1	-0.37658374459525135
2114	2	-0.19044876812682787
2114	3	-0.033064703567369236
2114	4	-0.03556658163466153
2114	5	0.04713016496121014
2114	6	-0.04472212312790447
2114	7	-0.22575639943932657
2114	8	-0.15627214792772293
2114	9	0.14188005787850244
2114	10-14	0.001992415804359382
2114	15-19	-0.06743189667528071
2114	20-24	0.05442521494968133
2114	25-29	-0.13780771613603804
2114	30-34	-0.07265971542560834
2114	35-39	0.02532205257838882
2114	40-44	0.08214805628066557
2114	45-49	-0.23735355369366573
2114	50-54	-0.16114385981865098
2114	55-59	-0.06441406780066217
2114	60-64	-0.24436995748993695
2114	65-69	-0.132685409094222
2114	70-74	-0.09504361814762063
2114	75-79	-0.21608304478742468
2114	80-84	-0.21199789448658635
2114	85-89	-0.0016577631654399738
2114	90-94	-0.23923416057476032
2114	95-99	-0.024821434230126727
2114	100-104	-0.153778231223761
2114	105-109	-0.13205418280228542
2114	110-114	-0.28002754804075636
2114	115-119	-0.20293151740020932
2114	120-124	-0.1657957460500512
2114	125-129	0.12561179020312352
2114	130-134	0.35457099537014614
2114	135-139	-0.01073026046852732
2114	140-144	0.013190606873870081
2114	145-149	-0.13190343961375817
2114	150-151	-0.27619841444944626
>>END_MODULE
>>Per sequence quality scores	pass
#Quality	Count
17	2.0
18	2.0
19	33.0
20	80.0
21	238.0
22	444.0
23	826.0
24	1334.0
25	1919.0
26	2781.0
27	3928.0
28	5403.0
29	7286.0
30	9046.0
31	11865.0
32	15242.0
33	19932.0
34	26923.0
35	37643.0
36	60040.0
37	142146.0
38	446348.0
>>END_MODULE
>>Per base sequence content	fail
#Base	G	A	T	C
1	43.411837506821385	19.15821949661042	11.894724504417987	25.535218492150214
2	16.82640986765575	20.217754873900546	36.669477138762964	26.28635811968074
3	19.451113539291786	22.202603530608307	28.82334481467898	29.52293811542092
4	13.842520300304614	15.343917344393738	35.60590879702972	35.20765355827192
5	14.816481213317353	35.59330578314498	35.007391667643404	14.582821335894266
6	34.2940610817671	35.73118275504404	16.21188691063581	13.762869252553056
7	29.893340693493442	30.734717900438714	20.741284070672663	18.63065733539519
8	26.295936410233146	35.40678117765083	19.93317882038311	18.364103591732928
9	24.553821800945478	16.10892028719748	20.084667047277684	39.25259086457935
10-14	23.634053847637123	23.809210534607246	28.67641887881068	23.880316738944952
15-19	22.02961456202636	29.09020103067447	26.44147601457413	22.438708392725037
20-24	21.982932998597285	27.935790164860023	27.93059772313951	22.15067911340318
25-29	21.801651246879178	27.96071892632404	28.052796545765958	22.184833281030826
30-34	21.82151359676153	28.162795650951967	28.02325508122012	21.992435671066378
35-39	21.8340914046185	28.136329321794012	28.094814994057675	21.934764279529805
40-44	21.612101918052684	28.114047193245796	28.369106988245168	21.904743900456356
45-49	21.640559523404427	28.28794357882744	28.284767619328488	21.786729278439644
50-54	21.651448527400845	28.170307047227272	28.30392420043329	21.874320224938593
55-59	21.528065021469235	28.24537059792479	28.476156988182154	21.750407392423824
60-64	21.447052848218124	28.163829098090513	28.511521045142736	21.877597008548623
65-69	21.41766261983891	27.958324353685942	28.59316336908808	22.030849657387066
70-74	21.36959472488251	28.027111603468853	28.512050371725895	22.091243299922745
75-79	21.129759370655897	28.05196474684956	28.477417289570628	22.34085859292391
80-84	21.01907970272011	27.838192425336594	28.572620456455954	22.57010741548734
85-89	20.927027289305965	27.78127721463311	28.50600092506122	22.78569457099971
90-94	20.692132316522173	27.724866124485008	28.53501306302389	23.047988495968927
95-99	20.520227207134315	27.4620680789604	28.556740658961182	23.4609640549441
100-104	20.39512969131438	27.330114523587167	28.57410761209436	23.700648173004094
105-109	20.31893186936724	27.1801890704143	28.50209399075695	23.998785069461512
110-114	20.123005415515067	27.169123624223495	28.44578372471993	24.262087235541507
115-119	19.820684318447913	27.07074449783921	28.505597628616908	24.602973555095968
120-124	19.63148787401019	27.027037245686934	28.369510284689483	24.971964595613393
125-129	19.502029715386136	26.985774978228292	28.31929987737267	25.192895429012896
130-134	19.30814494978329	27.142354822732308	28.13123770418458	25.418262523299823
135-139	19.09354082935393	27.112233619547776	28.082892542922718	25.711333008175576
140-144	18.981147151529818	27.411126696838284	27.80678571473582	25.80094043689608
145-149	18.695915741290374	27.66270806000547	27.710977603184023	25.93039859552013
150-151	18.62920798879844	27.846485208472753	27.61585005438201	25.908456748346797
>>END_MODULE
>>Per sequence GC content	warn
#GC Content	Count
0	0.0
1	0.0
2	0.0
3	0.5
4	0.5
5	0.0
6	0.0
7	0.5
8	1.5
9	1.0
10	2.0
11	5.0
12	7.5
13	11.5
14	20.0
15	37.0
16	75.5
17	117.0
18	205.0
19	415.5
20	596.0
21	871.0
22	1505.0
23	2401.5
24	3491.5
25	4909.0
26	6667.5
27	8417.0
28	10581.5
29	13238.0
30	15730.0
31	18081.5
32	20357.5
33	22189.5
34	23332.0
35	24327.5
36	25223.5
37	26054.0
38	26102.5
39	26299.5
40	26963.0
41	27511.0
42	27875.0
43	27847.5
44	26875.0
45	25680.5
46	24475.0
47	22564.5
48	22020.5
49	21980.0
50	21544.5
51	20823.5
52	19178.5
53	17741.5
54	16437.5
55	14632.0
56	13442.5
57	13209.0
58	13295.0
59	12909.5
60	11868.0
61	10912.5
62	10420.5
63	9538.0
64	8517.0
65	7572.0
66	6423.0
67	5522.5
68	4644.5
69	3817.5
70	3180.5
71	2673.5
72	2184.5
73	1708.0
74	1315.5
75	989.5
76	887.0
77	798.5
78	606.5
79	451.0
80	316.0
81	216.0
82	194.0
83	160.5
84	112.5
85	54.5
86	27.0
87	24.0
88	15.0
89	6.5
90	7.0
91	7.5
92	4.0
93	1.0
94	1.0
95	1.0
96	0.5
97	0.0
98	0.0
99	0.5
100	1.0
>>END_MODULE
>>Per base N content	pass
#Base	N-Count
1	0.0
2	0.0
3	0.0
4	0.0
5	0.0
6	0.0
7	0.0
8	0.0
9	0.0
10-14	0.0
15-19	0.0
20-24	0.0
25-29	0.0
30-34	0.0
35-39	0.0
40-44	0.0
45-49	0.0
50-54	0.0
55-59	0.0
60-64	0.0
65-69	0.0
70-74	0.0
75-79	0.0
80-84	0.0
85-89	0.0
90-94	0.0
95-99	0.0
100-104	0.0
105-109	0.0
110-114	0.0
115-119	0.0
120-124	0.0
125-129	0.0
130-134	0.0
135-139	0.0
140-144	0.0
145-149	0.0
150-151	0.0
>>END_MODULE
>>Sequence Length Distribution	pass
#Length	Count
151	793461.0
>>END_MODULE
>>Sequence Duplication Levels	fail
#Total Deduplicated Percentage	33.149709717319496
#Duplication Level	Percentage of deduplicated	Percentage of total
1	57.19441051703631	18.959781060929593
2	14.254368951246832	9.45056385874809
3	7.5902938768527966	7.548481160604535
4	4.873179111313878	6.461778917622403
5	3.333312025735406	5.524916302518948
6	2.439882256701247	4.852883313245085
7	1.815420522750502	4.21264643408305
8	1.3723550921576464	3.6394538347288985
9	1.1091328576644506	3.3090689042565824
>10	5.868735326127751	32.579346532445996
>50	0.13561398846166167	2.9150644183965473
>100	0.013295473951495327	0.5460152624203063
>500	0.0	0.0
>1k	0.0	0.0
>5k	0.0	0.0
>10k+	0.0	0.0
>>END_MODULE
>>Overrepresented sequences	pass
>>END_MODULE
>>Adapter Content	fail
#Position	Illumina Universal Adapter	Illumina Small RNA 3' Adapter	Illumina Small RNA 5' Adapter	Nextera Transposase Sequence	SOLID Small RNA Adapter
1	0.0	0.0	0.0	0.0	0.0
2	0.0	0.0	0.0	0.0	0.0
3	0.0	0.0	0.0	0.0	0.0
4	0.0	0.0	0.0	0.0	0.0
5	0.0	0.0	0.0	0.0	0.0
6	0.0	0.0	0.0	0.0	0.0
7	0.0	0.0	0.0	0.0	0.0
8	0.0	0.0	0.0	0.0	0.0
9	0.0	0.0	0.0	0.0	0.0
10-11	0.0	0.0	0.0	0.0	0.0
12-13	0.0	0.0	0.0	0.0	0.0
14-15	0.0	0.0	0.0	0.0	0.0
16-17	0.0	0.0	0.0	0.0	0.0
18-19	0.0	0.0	0.0	0.0	0.0
20-21	0.0	0.0	0.0	0.0	0.0
22-23	0.0	0.0	0.0	0.0	0.0
24-25	0.0	0.0	0.0	0.0	0.0
26-27	0.0	0.0	0.0	0.0	0.0
28-29	0.0	0.0	0.0	3.150753471185099E-4	0.0
30-31	0.0	0.0	0.0	0.0014493465967451457	0.0
32-33	0.0	0.0	0.0	0.003024723332337695	0.0
34-35	0.0	0.0	0.0	0.006679597358912411	0.0
36-37	0.0	0.0	0.0	0.0158167824253492	0.0
38-39	0.0	0.0	0.0	0.034784318321883494	0.0
40-41	0.0	0.0	0.0	0.0666699434502767	0.0
42-43	0.0	0.0	0.0	0.10750370843683558	0.0
44-45	0.0	0.0	0.0	0.16358712022393035	0.0
46-47	0.0	0.0	0.0	0.23605445006118764	0.0
48-49	0.0	0.0	0.0	0.32881263225287694	0.0
50-51	0.0	0.0	0.0	0.43631634068971253	0.0
52-53	0.0	0.0	0.0	0.5654342179388778	0.0
54-55	0.0	0.0	0.0	0.7106209378910873	0.0
56-57	0.0	0.0	0.0	0.880257504779693	0.0
58-59	0.0	0.0	0.0	1.0798262296445573	0.0
60-61	0.0	0.0	0.0	1.3115326399155094	0.0
62-63	0.0	0.0	0.0	1.5635299025408935	0.0
64-65	0.0	0.0	0.0	1.8502484684187377	0.0
66-67	0.0	0.0	0.0	2.181014567823749	0.0
68-69	0.0	0.0	0.0	2.538814132011529	0.0
70-71	0.0	0.0	0.0	2.932343240562548	0.0
72-73	0.0	0.0	0.0	3.3545442057013517	0.0
74-75	0.0	0.0	0.0	3.815625468674579	0.0
76-77	0.0	0.0	0.0	4.332538083157206	0.0
78-79	0.0	0.0	0.0	4.86879632395291	0.0
80-81	0.0	0.0	0.0	5.4719765684765855	0.0
82-83	0.0	0.0	0.0	6.105151986045943	0.0
84-85	0.0	0.0	0.0	6.759374436802817	0.0
86-87	0.0	0.0	0.0	7.453674471713166	0.0
88-89	0.0	0.0	0.0	8.193093296330884	0.0
90-91	0.0	0.0	0.0	8.981033724404853	0.0
92-93	0.0	0.0	0.0	9.819701283364903	0.0
94-95	0.0	0.0	0.0	10.699265622380935	0.0
96-97	0.0	0.0	0.0	11.614370460551935	0.0
98-99	0.0	0.0	0.0	12.582912077594237	0.0
100-101	0.0	0.0	0.0	13.611318010589052	0.0
102-103	0.0	0.0	0.0	14.699210169119844	0.0
104-105	0.0	0.0	0.0	15.824848354235431	0.0
106-107	0.0	0.0	0.0	16.986846234408496	0.0
108-109	0.0	0.0	0.0	18.158674465411657	0.0
110-111	0.0	0.0	0.0	19.407381081111737	0.0
112-113	0.0	0.0	0.0	20.706121661934233	0.0
114-115	0.0	0.0	0.0	22.013054201781813	0.0
116-117	0.0	0.0	0.0	23.359875280574595	0.0
118-119	0.0	0.0	0.0	24.700331837355584	0.0
120-121	0.0	0.0	0.0	26.0916415551615	0.0
122-123	0.0	0.0	0.0	27.484274589425315	0.0
124-125	0.0	0.0	0.0	28.892913451322748	0.0
126-127	0.0	0.0	0.0	30.32972004925258	0.0
128-129	0.0	0.0	0.0	31.754742829200175	0.0
130-131	0.0	0.0	0.0	33.20396339580647	0.0
132-133	0.0	0.0	0.0	34.64959210345562	0.0
134-135	0.0	0.0	0.0	36.107004629087	0.0
136-137	0.0	0.0	0.0	37.5588718286091	0.0
138-139	0.0	0.0	0.0	39.00342928007804	0.0
>>END_MODULE
>>Kmer Content	warn
#Sequence	Count	PValue	Obs/Exp Max	Max Obs/Exp Position
TACACGG	65	1.0934375E-5	55.769234	2
TTACGTC	65	7.3356624E-4	44.615387	145
GTACACG	75	0.0014832014	38.666668	1
CGTTACC	95	1.0286988E-4	38.157894	3
CAGACCG	145	8.695406E-7	35.000004	9
GTTGCGG	95	0.0047267135	30.526318	3
GTATAGG	215	1.8095307E-8	30.348839	1
GGACGGT	120	4.057299E-4	30.208334	6
CTAGCAC	550	0.0	27.681818	3
AGGATCG	135	8.081233E-4	26.851852	8
CATAGCG	110	0.009670403	26.363638	9
CGTACCC	165	8.416419E-5	26.363638	3
CCTATAC	290	1.189801E-8	25.000002	3
CCGTTAC	145	0.0012262197	25.000002	2
TAGGGTG	235	1.3298595E-6	24.680851	5
TATACTG	385	1.6370905E-11	24.48052	5
CTAATAC	245	1.911254E-6	23.67347	3
GTATAAC	215	1.8651066E-5	23.604652	1
GTATACA	280	2.3413486E-7	23.303572	4
GTCGGGA	160	0.0021747572	22.65625	1
>>END_MODULE
